344
176
264
415
767
859
557
757
590
214
332
163
457
807
843
927
919
558
603
251
208
857
17
587
997
211
190
475
918
113
512
511
363
414
752
883
487
558
867
512
827
678
37
187
290
741
925
807
205
805
774
4
59
948
423
969
262
790
822
458
954
444
957
188
942
279
194
682
614
989
202
508
287
969
342
495
375
287
191
103
939
877
647
263
236
676
757
953
153
522
712
775
891
369
547
789
989
672
715
374
794
854
631
753
633
778
373
802
905
547
749
980
830
800
840
636
190
304
448
444
39
950
619
430
32
254
610
191
131
359
925
705
890
338
287
648
248
367
834
450
479
695
662
104
39
504
980
544
73
250
296
905
883
550
207
77
270
755
285
101
372
58
598
346
659
483
896
375
342
758
213
925
559
78
398
610
578
591
643
205
482
189
323
322
477
856
609
978
970
936
416
661
915
806
744
238
741
731
737
62
266
423
53
197
338
549
713
194
451
171
495
236
349
177
137
902
454
936
292
655
327
508
224
478
19
801
737
540
985
546
116
411
443
512
313
526
987
874
25
770
399
796
414
554
142
379
290
198
58
788
78
82
630
905
86
678
468
189
502
3
155
586
344
722
432
607
279
905
103
474
797
232
83
794
196
838
30
739
573
894
24
474
343
356
410
186
905
634
171
810
788
198
975
606
141
779
356
361
9
419
349
631
7
865
867
638
354
672
483
56
739
195
685
718
123
906
351
714
655
335
565
998
162
946
511
242
545
751
885
24
466
740
786
70
466
841
449
76
485
92
362
162
521
629
886
231
222
258
80
540
704
182
608
91
284
304
556
111
632
980
827
378
351
62
564
765
189
288
134
627
35
355
121
593
660
635
979
72
814
981
484
180
872
503
301
36
645
973
621
585
617
83
909
565
823
791
995
711
424
336
617
897
235
48
347
236
878
258
358
779
752
139
199
674
361
910
613
797
407
526
133
52
252
796
790
343
216
115
794
367
555
827
616
166
902
550
437
848
871
650
595
177
859
518
18
372
818
91
766
342
848
287
476
535
65
455
870
139
203
560
376
960
702
628
446
884
365
766
958
215
521
663
64
446
872
317
976
593
880
62
104
388
359
161
917
545
860
537
458
86
428
405
72
65
186
132
722
552
679
790
662
778
467
274
604
489
93
657
48
567
839
960
687
795
272
920
815
562
909
161
436
887
171
335
163
667
506
990
520
672
124
531
464
844
495
147
52
137
833
759
52
43
829
655
101
58
256
442
169
912
837
800
717
525
7
359
449
546
255
39
454
985
15
493
627
407
422
949
926
825
520
392
502
278
413
499
259
436
237
674
480
168
580
282
590
730
556
138
867
494
392
109
251
139
267
665
503
252
89
559
169
973
645
327
887
992
188
423
580
336
866
18
381
431
31
517
158
988
668
219
656
456
346
938
125
451
327
991
973
617
820
820
875
141
749
782
100
71
812
443
644
293
361
918
924
595
214
423
348
252
336
871
83
239
387
379
237
237
558
178
297
165
668
673
369
718
509
676
280
136
523
846
649
3
749
274
944
965
956
326
892
360
133
796
464
942
14
475
258
19
791
910
579
776
289
562
716
762
634
292
203
137
159
841
638
193
465
956
389
172
40
24
428
410
921
461
147
86
468
653
648
341
810
290
582
674
373
298
895
836
15
91
654
109
129
24
703
942
792
635
288
645
393
367
295
219
299
427
47
910
864
983
515
486
804
188
250
796
805
55
548
5
543
878
166
365
100
245
995
679
558
77
66
288
584
905
713
865
799
441
345
69
597
533
970
945
151
979
886
636
215
121
660
236
377
796
739
746
218
366
459
892
791
181
380
750
624
619
488
460
470
491
697
918
631
652
282
637
812
957
346
360
987
903
645
312
41
764
973
948
420
528
923
263
626
593
910
498
984
203
243
807
465
674
31
737
83
974
590
59
46
551
250
155
22
517
717
2
88
475
765
412
61
421
617
947
503
17
348
105
473
593
105
570
596
309
382
412
790
774
14
889
402
426
528
238
737
447
812
925
852
832
847
349
18
480
913
172
674
840
267
997
620
41
356
125
45
868
138
903
80
852
507
274
237
329
435
571
528
45
22
134
232
182
289
347
49
82
338
128
746
589
162
160
132
985
141
216
882
211
427
362
611
602
325
389
337
253
350
662
950
274
982
104
58
700
508
499
308
279
212
913
758
650
141
543
499
619
551
238
287
614
22
990
764
696
846
919
651
976
556
24
303
679
428
80
395
114
727
32
914
83
848
5
35
769
13
327
216
753
927
264
260
708
761
568
486
157
189
638
770
535
346
726
391
55
159
462
206
968
525
152
923
890
211
963
874
302
342
197
566
965
727
238
195
331
883
223
583
37
881
419
76
616
688
625
991
913
253
964
817
379
804
235
615
694
983
843
513
750
891
389
201
402
659
464
309
483
472
773
841
810
335
307
844
730
410
200
840
825
414
183
943
733
764
195
715
883
389
930
539
708
733
82
971
309
394
986
946
521
303
343
855
207
800
722
851
313
388
212
72
306
103
51
194
455
291
164
496
622
555
792
427
241
828
255
108
498
877
470
229
920
346
371
66
582
706
773
112
742
620
375
226
940
482
853
141
260
498
474
722
21
5
887
713
442
358
39
847
518
252
363
654
123
242
904
697
84
135
842
11
268
170
726
276
431
954
145
357
618
505
591
186
426
753
312
967
722
645
289
473
665
212
650
830
283
86
445
699
548
887
925
186
333
397
88
201
971
450
978
254
836
836
839
8
826
146
571
951
343
73
802
366
62
284
713
189
535
346
106
226
416
830
592
948
810
42
800
918
582
109
519
535
807
682
644
345
149
950
451
410
96
907
660
989
843
437
648
406
571
355
794
829
960
752
200
605
71
312
488
898
794
136
818
29
655
668
660
419
631
870
485
613
257
826
342
555
137
455
512
286
928
796
892
818
603
40
888
623
547
65
41
519
403
98
676
436
44
911
5
281
676
777
835
823
640
163
718
261
305
967
571
946
90
848
39
327
52
969
315
799
572
651
449
198
460
476
109
983
219
393
454
496
690
229
777
241
296
787
709
518
652
461
181
854
66
574
969
853
808
838
554
744
984
126
183
920
293
482
320
959
18
509
181
173
730
170
843
376
657
186
885
618
959
26
881
856
654
149
126
554
493
324
662
823
85
433
675
568
844
111
435
925
344
373
10
609
49
778
904
896
288
947
126
387
49
142
479
176
727
350
451
537
934
200
187
422
327
768
860
607
967
279
411
304
55
5
633
747
556
615
383
149
57
257
546
511
571
430
801
9
695
573
304
392
867
765
906
118
200
498
36
984
788
366
469
65
901
394
227
249
290
721
76
78
511
93
376
844
325
67
941
576
468
340
410
487
455
13
562
876
553
248
434
226
152
165
24
712
396
14
400
693
212
130
846
983
997
549
670
931
667
238
29
473
20
502
900
553
443
681
139
141
654
963
720
405
216
395
87
337
498
763
166
297
73
248
823
88
620
713
708
650
683
86
554
518
940
366
379
1
865
175
166
365
454
327
981
822
800
191
268
590
141
587
763
47
391
837
480
235
394
680
693
959
372
58
615
287
836
669
77
476
317
510
388
631
222
6
263
620
616
290
503
180
117
355
83
929
405
483
640
669
378
467
428
640
238
641
426
83
552
144
880
15
30
312
305
210
268
440
627
717
743
386
621
496
436
308
28
33
390
848
696
295
374
955
101
47
42
478
813
754
260
884
333
534
884
315
469
331
839
920
105
164
568
161
365
887
964
439
204
965
937
858
332
359
936
101
37
363
456
288
459
612
963
488
298
586
501
826
535
491
962
140
269
113
799
19
908
859
708
798
350
155
877
976
321
366
413
640
254
810
684
804
445
410
116
592
844
966
450
693
973
372
855
421
499
396
880
724
456
166
566
851
802
214
676
148
374
116
34
102
492
50
389
213
859
745
89
932
592
389
550
194
284
687
15
727
131
901
388
720
729
248
670
946
881
819
238
735
256
954
301
288
287
792
20
323
495
627
522
197
591
275
568
686
991
612
838
940
998
426
890
379
507
963
289
759
629
668
327
617
614
891
99
672
643
593
901
614
13
284
825
100
869
191
392
658
879
740
698
821
467
396
912
536
41
915
878
294
794
728
261
346
654
286
969
96
765
589
568
949
110
168
707
801
328
914
806
389
631
876
289
203
955
581
854
885
476
792
970
96
879
636
18
705
754
793
801
627
170
620
798
848
851
81
327
94
140
768
763
897
609
870
592
900
335
480
281
930
705
923
979
542
293
739
369
71
443
897
669
420
499
137
858
985
709
628
829
968
850
226
703
756
121
107
6
178
425
52
688
729
328
789
543
934
900
670
309
639
456
488
432
251
142
253
862
497
473
769
763
476
973
486
563
340
164
71
511
583
352
924
510
935
265
841
393
832
931
49
278
475
833
49
958
728
848
302
63
742
521
24
197
796
842
229
722
357
446
817
332
31
426
510
317
313
32
904
6
152
915
492
735
452
342
386
339
249
993
917
233
153
742
174
815
847
324
759
26
953
837
59
637
375
860
628
884
800
752
906
423
555
931
882
795
149
54
389
438
185
228
126
618
859
419
4
864
187
436
629
513
883
229
833
711
429
320
329
696
917
156
64
58
608
683
410
888
860
734
2
413
596
622
19
678
182
915
605
796
281
852
908
228
456
593
457
848
538
801
51
724
543
169
260
782
502
480
384
253
740
296
377
842
912
713
522
760
23
58
46
348
38
642
835
282
562
475
393
813
580
731
414
607
640
953
744
306
63
774
160
750
121
461
941
866
710
171
638
297
569
9
143
218
724
672
994
360
609
640
584
108
377
401
49
434
438
210
722
248
401
751
272
977
433
935
727
860
976
705
508
329
396
42
301
492
765
397
216
752
805
283
35
708
751
464
170
316
141
668
683
361
64
511
233
362
810
917
300
709
55
724
987
977
91
163
702
826
773
413
72
155
131
772
184
735
514
738
726
917
441
984
790
293
428
254
330
419
212
85
226
80
245
260
487
938
907
872
387
476
571
242
160
39
34
499
929
327
336
137
101
780
575
435
419
484
965
547
793
697
907
80
698
336
355
611
832
727
46
632
942
268
566
175
271
412
714
815
716
333
26
267
386
696
227
618
362
836
737
123
536
697
847
124
321
142
957
566
219
148
782
392
915
154
235
91
650
1
40
853
810
308
357
590
73
946
68
32
370
751
196
935
809
482
969
3
388
518
650
768
172
330
445
590
163
888
55
73
516
910
670
942
745
522
920
968
297
940
794
963
669
70
651
754
751
101
300
84
989
299
802
523
75
858
376
221
401
673
247
779
305
500
355
152
277
30
712
7
489
434
63
133
309
933
343
399
995
426
613
795
580
978
483
737
667
444
979
654
988
941
571
427
679
880
292
880
528
131
873
512
432
131
538
725
743
570
20
141
568
518
551
753
787
361
958
395
707
869
286
143
267
836
604
456
385
816
380
114
257
241
249
214
934
676
127
877
508
586
701
681
204
816
765
298
444
652
520
50
796
340
412
340
545
588
452
938
641
742
637
349
82
899
926
20
769
236
563
471
45
223
768
122
484
652
243
367
896
216
509
587
426
280
475
858
680
951
184
334
529
210
875
583
33
907
778
14
130
383
779
920
730
65
627
949
524
201
106
431
348
135
0
227
199
538
156
234
634
962
301
387
287
854
857
728
488
47
279
167
559
889
563
318
898
838
51
46
587
366
445
406
192
338
752
826
19
908
876
994
392
836
438
983
780
875
633
93
858
901
358
30
346
641
923
61
300
37
98
349
399
515
732
169
938
749
911
716
296
124
515
952
395
752
633
476
89
225
554
260
657
665
190
189
424
424
211
539
730
971
347
364
155
429
931
28
292
218
134
319
867
474
760
433
478
687
400
668
487
774
494
39
964
843
714
300
574
63
869
108
604
489
118
276
874
546
654
401
885
662
757
360
806
819
286
814
7
99
160
895
352
15
832
983
888
117
356
764
182
517
322
545
823
360
974
188
415
221
971
213
14
472
66
874
754
722
766
893
45
225
641
507
112
987
143
734
329
744
367
682
152
98
652
10
67
800
315
408
221
397
794
153
777
827
105
379
554
228
331
68
907
19
460
39
259
608
800
232
707
830
772
268
484
739
442
515
737
432
154
501
286
935
987
459
221
764
411
338
354
223
821
553
641
895
757
142
187
407
372
687
584
704
757
713
13
332
9
724
680
763
480
111
156
597
987
840
89
190
428
949
791
239
460
743
871
389
846
879
729
771
427
993
293
222
224
207
513
734
485
49
182
59
327
457
793
48
531
15
257
416
983
593
825
967
789
363
993
480
681
512
669
456
868
567
695
500
800
872
310
269
174
160
931
669
400
747
259
954
469
115
79
430
430
636
877
697
800
227
532
240
858
71
740
505
297
508
30
776
695
663
431
130
174
720
94
79
509
132
353
945
356
188
254
571
118
95
751
92
591
615
765
368
306
174
413
34
241
519
908
271
344
234
717
977
127
958
872
71
732
484
517
582
534
866
235
724
954
282
245
898
378
656
609
272
612
133
746
598
779
766
64
205
714
340
689
255
273
179
252
737
829
427
453
20
262
247
96
711
431
363
791
260
597
590
92
191
7
431
263
4
770
488
369
522
859
131
79
213
39
737
283
547
857
505
427
462
730
983
781
463
672
891
690
878
650
518
171
516
72
740
338
355
529
485
240
264
251
265
959
196
833
956
989
430
746
204
182
666
445
567
675
10
701
546
333
442
961
697
611
648
653
108
512
663
125
564
874
896
866
248
686
270
276
797
328
418
938
494
157
684
32
319
787
345
878
60
372
195
740
832
118
816
324
366
632
478
736
842
790
163
157
394
730
880
268
609
785
516
348
18
696
743
545
420
743
684
583
110
827
378
815
811
821
667
190
886
599
988
983
722
511
11
228
513
387
984
210
456
56
677
933
532
507
934
959
477
946
343
229
83
38
255
20
441
303
762
533
322
504
758
634
949
854
102
529
574
463
400
823
856
595
648
160
549
352
193
71
73
21
837
273
630
123
837
187
538
686
112
128
746
576
667
74
128
641
842
901
232
918
718
336
816
387
405
918
948
752
212
126
323
198
241
605
115
842
454
702
72
63
879
42
605
828
919
498
692
19
987
894
125
980
732
258
145
346
510
417
364
432
763
811
690
724
227
996
968
740
305
473
500
806
729
199
253
993
195
125
502
222
96
333
847
877
759
812
680
536
242
526
705
284
3
87
720
961
695
777
27
896
901
671
148
486
970
220
185
294
913
231
43
735
587
621
66
923
799
732
255
100
66
293
515
947
581
602
68
586
126
207
648
518
254
535
33
918
526
930
464
889
814
897
391
212
326
544
651
421
611
47
810
197
693
720
351
783
452
826
695
692
254
256
947
947
643
789
39
333
863
985
272
669
56
188
698
195
591
543
22
794
121
987
181
447
840
176
596
431
96
553
656
610
621
20
989
555
769
932
93
285
991
111
483
124
264
504
326
359
299
338
306
371
968
809
202
575
774
336
287
12
668
658
708
774
797
489
525
86
144
454
428
842
852
580
702
432
483
105
225
182
734
359
33
511
821
298
577
134
454
994
950
423
259
375
503
794
68
705
24
267
969
373
579
79
539
302
521
1
492
429
274
810
903
864
318
17
288
51
872
697
339
516
191
852
994
649
47
32
51
916
740
210
260
99
287
561
539
189
17
531
45
924
602
487
858
623
544
717
682
346
338
220
357
567
647
157
255
43
666
522
347
941
949
967
635
83
465
507
146
125
879
799
101
299
290
726
44
997
662
81
215
766
732
277
286
239
332
830
298
779
734
749
574
912
576
393
895
306
944
142
928
297
401
843
557
973
195
971
401
779
790
113
283
766
426
514
977
411
273
833
204
781
849
539
23
302
509
225
383
615
182
530
820
560
420
577
101
863
487
348
449
498
913
899
509
783
735
731
349
506
799
255
36
92
676
451
698
417
148
502
145
334
391
372
462
728
534
715
69
125
834
822
932
455
779
769
831
247
226
770
527
538
101
452
841
965
768
69
895
91
137
727
368
818
524
414
568
199
311
23
48
916
828
995
85
844
865
630
888
423
573
972
342
768
704
494
275
401
844
76
367
670
341
219
738
382
526
884
791
850
941
421
668
445
829
563
833
473
774
745
495
227
305
745
423
761
851
218
197
510
48
750
982
757
815
972
981
437
933
369
204
933
236
194
166
89
13
946
343
859
905
727
542
796
428
645
345
181
380
196
583
616
395
625
848
339
82
306
111
455
128
534
504
48
305
143
516
486
480
394
113
437
915
598
147
629
211
181
494
680
134
227
744
400
620
491
315
357
251
891
233
579
495
153
391
620
44
683
331
29
515
772
967
814
462
772
173
994
83
372
893
885
856
727
777
495
536
324
995
171
515
351
16
75
404
913
881
210
27
19
353
852
117
452
530
549
756
23
18
3
834
474
885
498
49
888
263
871
791
392
858
14
45
802
755
576
904
788
167
825
336
955
439
149
315
710
84
888
919
143
412
759
491
605
215
885
994
668
322
134
195
99
220
964
619
324
892
70
585
706
998
789
968
84
887
545
897
319
27
181
880
959
660
507
71
493
494
634
827
757
378
135
303
999
296
824
381
59
572
129
40
801
722
96
340
242
621
274
882
986
819
41
189
811
934
169
143
889
54
451
868
54
258
621
848
684
48
760
684
185
281
756
624
149
856
873
966
673
330
787
819
610
641
599
197
684
521
612
453
303
764
726
457
42
366
572
347
634
897
177
151
233
365
969
521
881
974
904
724
877
196
52
626
512
875
597
697
287
506
520
698
915
926
630
928
969
857
428
442
764
756
672
511
813
636
835
844
550
457
444
566
43
468
862
149
304
572
595
974
421
838
277
242
752
16
528
752
280
179
507
203
9
761
163
222
61
469
760
232
567
225
781
447
865
160
270
688
992
659
958
976
997
787
843
988
434
831
861
897
709
655
550
519
574
755
23
376
409
620
634
225
30
458
130
880
414
928
519
208
965
569
156
891
694
748
231
742
775
76
897
568
405
820
274
668
626
212
917
938
814
700
498
713
486
336
960
653
984
406
720
61
785
223
634
958
138
649
675
84
133
500
608
247
476
284
59
679
133
120
63
394
334
830
478
823
941
605
144
169
450
376
718
664
570
805
202
676
700
352
995
840
140
143
941
841
32
777
560
553
531
270
106
378
114
242
649
308
163
351
38
595
447
418
998
161
495
846
451
829
523
140
769
124
82
20
680
935
522
415
824
292
352
216
301
48
699
985
639
13
892
50
92
252
535
792
585
555
200
631
386
804
536
833
394
684
787
517
469
861
435
717
844
337
800
442
538
57
287
517
11
890
839
717
51
809
404
561
395
839
384
981
321
220
99
579
745
312
709
690
431
574
592
462
568
480
377
405
518
894
449
407
23
469
47
346
742
34
866
720
32
785
670
891
632
790
140
716
791
918
776
596
71
961
979
375
574
348
37
362
603
481
480
566
433
638
926
717
212
736
649
254
92
683
173
992
568
672
358
521
364
236
169
819
735
636
751
123
904
705
277
915
327
706
209
760
773
34
4
222
371
730
625
948
197
724
179
102
288
554
7
361
190
91
301
205
239
692
359
954
911
379
722
227
126
817
569
24
869
468
845
171
791
461
763
966
646
428
528
461
385
748
292
907
718
344
944
924
426
344
349
457
52
29
745
660
133
133
67
294
37
275
678
221
335
321
743
907
792
366
932
861
518
421
313
891
626
493
355
649
970
612
179
628
722
851
769
822
651
453
537
838
801
346
942
893
315
228
496
610
262
921
345
368
330
752
230
994
196
541
2
200
494
976
297
776
292
796
97
587
690
401
303
207
304
526
480
728
799
911
425
88
597
444
995
84
404
154
270
249
168
260
106
7
239
645
156
103
535
968
697
822
356
762
562
242
129
273
395
4
855
717
394
639
444
93
496
758
574
874
89
291
563
156
711
435
598
740
310
326
261
754
809
553
570
562
704
374
665
980
353
567
599
270
773
819
516
597
883
216
404
332
699
519
999
587
449
391
92
871
137
194
803
546
776
228
753
543
282
54
783
795
340
390
244
495
855
648
150
170
305
361
683
831
733
575
217
18
716
297
504
919
170
434
791
641
369
489
424
59
981
984
134
225
547
544
921
602
845
511
396
97
333
227
162
39
234
498
443
552
725
761
546
338
461
759
409
121
930
700
783
658
255
724
760
906
713
893
209
927
165
431
876
847
882
671
710
336
653
444
468
405
799
996
466
413
541
543
131
688
321
925
84
583
774
887
930
471
499
155
754
952
134
849
655
131
858
451
571
738
662
654
692
258
555
995
849
611
765
25
526
256
435
381
689
545
204
748
578
668
279
365
682
880
831
302
793
18
37
11
143
957
404
784
501
965
108
361
811
986
513
437
794
397
161
558
682
963
303
408
612
134
879
310
659
432
513
157
691
726
943
570
915
935
125
345
451
802
717
564
937
876
19
492
295
587
30
986
339
3
830
577
43
289
163
959
216
64
209
809
708
619
148
191
589
210
355
665
507
83
715
793
802
112
460
654
21
291
486
301
257
805
511
780
762
573
667
362
971
177
38
688
663
136
226
12
242
125
385
13
135
304
134
667
190
989
952
628
267
536
475
244
154
618
117
915
209
152
352
688
823
630
988
984
400
638
9
191
528
59
340
150
950
195
7
984
88
54
102
483
518
587
484
611
448
615
271
921
979
727
106
675
614
408
612
196
400
128
128
698
419
907
102
647
850
755
708
134
113
742
299
409
584
888
594
140
829
419
940
731
179
333
553
64
49
318
641
221
450
191
307
406
305
225
325
835
626
649
224
782
958
633
587
213
962
827
87
465
953
978
755
494
983
453
652
768
948
680
289
319
311
112
378
993
401
75
522
530
669
7
633
316
367
376
316
928
919
652
602
161
712
487
759
937
291
4
974
435
190
384
71
986
971
515
647
518
555
786
782
135
880
436
403
463
398
827
184
282
884
842
768
855
826
202
881
63
190
886
74
712
427
871
121
225
723
130
571
90
898
360
991
362
653
220
57
649
58
47
582
601
142
446
903
686
342
505
816
510
129
394
79
289
512
604
299
593
993
99
899
682
134
370
592
950
243
500
710
181
858
733
997
774
737
494
488
934
152
180
643
926
106
153
84
631
995
941
145
592
718
242
290
392
465
673
976
152
324
668
809
733
10
490
791
249
913
812
207
24
499
95
248
848
990
72
826
693
751
207
27
112
114
575
235
891
697
100
947
494
735
557
165
623
534
70
72
813
86
515
287
901
299
25
997
646
92
998
495
483
844
702
176
21
177
48
128
364
20
522
189
617
158
25
13
4
386
645
817
671
167
446
932
489
371
588
309
850
318
719
941
464
338
762
162
635
987
20
768
556
316
422
805
810
858
577
331
97
741
657
84
281
90
756
498
965
376
897
478
846
361
671
471
961
505
873
954
829
983
724
193
281
161
727
39
286
145
544
967
427
395
515
126
526
805
66
694
112
230
412
239
544
35
595
826
963
72
222
761
824
523
149
269
597
438
935
763
568
40
350
458
890
838
392
380
576
628
294
631
972
912
823
744
786
747
249
968
383
10
95
764
327
818
990
898
534
169
454
866
59
699
89
280
848
106
581
52
622
862
725
935
500
143
678
299
781
746
976
182
54
961
74
691
584
762
539
585
73
788
578
393
610
223
117
402
172
116
42
74
402
347
721
929
58
268
504
791
769
783
410
996
953
476
548
446
767
655
932
935
463
370
863
911
896
193
515
79
966
312
57
189
217
861
217
982
469
857
247
828
91
847
117
857
515
816
464
661
955
423
525
699
399
149
39
457
791
183
542
225
167
575
260
365
462
768
37
667
558
29
307
539
429
794
833
35
795
815
939
492
822
451
162
314
995
677
134
453
960
420
120
355
387
733
244
348
591
528
757
776
801
648
858
317
830
144
723
915
273
357
771
545
578
198
685
112
258
78
14
701
216
416
556
926
539
286
19
455
722
645
902
958
159
597
703
508
989
345
231
884
426
179
437
627
70
915
927
867
363
995
35
915
20
347
373
481
682
948
215
504
818
612
680
234
550
519
770
560
864
275
12
835
168
228
434
920
905
622
736
269
769
697
211
140
658
505
419
773
456
625
989
675
308
547
191
537
146
824
983
649
804
436
552
511
777
363
7
443
904
77
4
923
392
473
431
8
190
591
262
693
623
414
561
682
536
767
596
519
60
237
540
195
522
815
12
239
969
871
330
338
867
834
676
924
556
373
320
334
919
804
979
66
671
79
706
39
763
277
23
539
711
184
317
272
488
506
113
473
557
358
702
849
710
424
844
63
681
45
70
630
581
594
916
738
597
791
9
231
355
2
843
233
48
431
941
120
312
196
448
667
331
973
165
30
676
223
479
55
757
749
973
79
131
915
996
486
790
844
238
22
188
919
558
82
403
116
905
740
186
723
913
243
168
193
442
353
183
36
300
548
583
991
620
345
364
119
711
233
289
856
825
563
336
171
571
713
472
222
776
105
218
186
937
538
677
191
812
592
317
152
843
111
585
273
904
837
183
816
79
579
317
975
938
978
230
404
965
618
179
182
551
745
528
807
831
547
453
557
924
910
430
826
449
823
569
497
48
769
35
719
786
962
414
714
985
242
546
387
185
790
514
559
884
501
211
490
488
367
150
941
469
262
162
537
676
26
946
925
693
153
575
167
952
935
210
614
608
92
516
235
984
205
126
935
836
304
171
601
310
208
193
88
889
218
248
810
147
954
831
201
130
105
978
991
698
100
461
453
338
280
110
637
343
591
163
148
631
614
683
327
903
537
853
533
997
914
507
345
653
840
30
12
524
687
275
596
781
786
501
442
107
964
774
832
60
750
713
291
566
410
768
762
226
618
780
990
611
75
264
911
636
942
768
76
717
165
128
700
445
550
186
676
830
323
124
833
374
641
279
732
445
782
292
299
804
529
345
895
109
726
869
902
621
635
516
987
252
213
368
613
525
296
644
201
575
559
998
139
592
756
776
675
325
421
441
279
952
97
147
948
164
43
980
802
263
780
147
11
955
582
351
714
971
26
271
746
215
812
41
3
834
423
957
484
615
197
356
602
661
259
568
209
268
482
830
671
134
609
28
613
539
573
949
934
665
29
493
959
942
316
395
386
404
752
688
615
333
713
361
570
512
297
111
129
472
725
741
433
218
594
70
122
684
735
324
280
670
533
127
481
679
386
101
494
593
252
592
211
13
908
415
943
946
310
32
485
136
286
299
332
567
667
859
890
587
874
806
14
779
451
6
172
989
557
96
614
36
422
70
736
968
657
402
481
523
8
865
461
782
745
17
663
931
213
687
316
901
316
920
133
225
1
18
135
594
314
726
599
818
553
557
400
506
590
587
513
181
812
742
708
108
638
891
757
815
186
816
96
891
516
777
956
528
901
253
779
922
598
137
527
699
587
222
39
453
417
46
512
700
368
500
541
246
351
296
128
58
339
342
952
586
949
273
552
491
5
684
39
332
935
923
828
486
871
984
515
450
740
849
893
754
368
49
993
817
545
944
667
576
814
592
102
299
443
665
721
167
465
848
727
198
975
290
455
368
499
916
160
290
683
295
294
344
266
849
676
632
827
287
595
19
517
543
849
651
383
288
658
42
706
780
577
53
78
679
417
79
235
325
437
76
773
800
208
239
772
70
150
997
321
721
137
901
525
395
363
445
565
61
869
511
143
787
734
409
962
296
392
633
161
851
493
667
48
503
722
989
7
617
138
954
28
432
142
442
583
521
72
670
533
664
275
102
982
157
506
269
245
378
302
43
380
735
688
111
567
720
867
667
598
697
679
660
913
224
858
52
349
492
194
76
920
672
681
114
621
692
641
98
499
797
309
336
76
176
826
807
104
957
331
451
176
494
619
622
563
357
737
307
65
753
193
673
866
74
941
707
941
182
298
160
192
759
369
712
454
281
77
559
265
983
838
839
454
16
544
681
368
253
161
833
321
986
930
230
45
399
927
947
662
448
474
811
419
452
658
970
468
188
427
742
322
542
578
340
200
271
743
510
86
400
11
968
793
395
952
661
543
49
404
221
867
585
927
457
971
982
516
934
572
983
434
861
484
742
576
717
642
558
263
555
89
647
979
192
980
642
991
249
674
269
740
136
653
514
700
638
484
600
132
945
448
180
224
180
833
824
360
812
438
958
731
168
963
891
924
297
751
358
538
778
546
303
418
74
475
39
253
95
29
185
983
398
535
372
919
193
342
346
325
986
500
561
849
856
839
599
420
320
0
975
675
407
910
767
689
543
861
800
64
234
962
244
487
950
366
682
956
699
963
788
454
552
748
553
131
361
843
79
111
673
574
197
706
565
29
422
235
601
238
182
586
376
826
950
300
301
625
706
27
231
996
546
61
117
80
613
142
26
346
955
67
168
461
488
180
680
954
214
604
922
22
196
325
939
318
306
683
264
536
256
665
260
841
859
368
7
134
195
477
963
643
343
662
725
978
445
898
339
907
534
372
13
724
432
900
233
967
272
260
55
215
420
218
266
922
172
644
782
744
77
707
916
731
171
837
355
241
767
723
475
467
487
617
411
335
300
940
340
138
220
876
867
802
528
83
883
911
541
641
690
891
25
437
413
811
386
84
684
223
906
390
292
969
697
42
928
996
211
146
770
571
44
684
643
658
627
868
812
653
159
382
662
411
444
723
347
927
958
595
532
907
186
816
269
482
380
400
829
551
601
766
469
228
68
444
209
597
933
895
925
643
856
332
444
972
219
492
630
557
178
531
230
428
232
422
447
337
278
733
193
138
191
779
338
633
893
71
347
916
274
629
537
907
319
391
624
58
127
93
645
246
266
461
159
519
363
943
981
447
722
310
464
106
25
454
524
836
885
26
240
321
401
66
842
981
319
319
490
647
42
342
760
285
702
714
390
546
907
147
793
358
520
699
117
363
404
497
86
15
552
386
769
258
521
984
23
511
906
613
475
346
79
916
75
954
375
355
813
512
615
185
605
705
791
50
402
691
37
301
773
395
165
984
160
108
644
800
753
730
438
128
569
393
2
639
261
675
313
380
591
935
21
991
387
895
53
763
221
474
583
988
113
973
14
841
281
766
67
962
102
766
30
389
261
767
809
888
574
928
72
622
470
464
729
932
874
614
673
566
278
926
856
441
761
457
529
887
994
798
616
932
472
727
750
940
345
287
780
260
284
681
721
497
151
153
939
681
135
749
304
71
852
785
480
343
707
846
68
341
705
721
816
703
767
41
295
590
575
765
286
856
267
270
639
194
164
271
915
497
589
962
856
498
894
218
973
996
192
318
758
449
786
305
102
569
544
694
997
843
852
819
14
865
425
580
454
206
293
796
23
903
633
43
85
880
637
264
869
291
962
680
523
482
889
947
962
590
279
353
218
647
243
94
497
884
678
49
614
441
115
958
888
615
593
25
127
479
247
960
647
309
710
596
384
371
242
850
942
474
313
707
386
548
37
358
990
79
119
140
479
899
867
898
988
578
407
200
510
463
727
438
84
957
570
907
471
217
27
442
816
692
401
667
197
386
438
11
380
963
408
788
949
0
378
43
980
987
91
772
189
976
280
23
630
777
734
569
69
975
3
122
282
110
26
356
523
537
178
114
393
250
398
740
934
865
906
173
516
504
808
927
33
16
97
794
11
129
341
250
448
659
882
147
4
779
877
785
57
118
470
12
824
602
512
929
703
58
449
873
103
29
400
886
470
9
26
580
93
383
792
990
439
851
413
73
968
817
527
604
447
914
586
772
670
21
627
305
583
472
153
325
825
828
356
186
695
719
268
167
408
916
226
395
531
104
507
83
749
751
171
893
68
830
962
366
776
527
787
81
699
5
896
790
429
394
217
739
288
604
455
978
821
997
283
959
452
108
840
783
330
835
192
638
82
987
836
891
473
437
707
378
162
538
149
474
109
14
400
104
739
590
820
402
311
371
198
528
56
202
101
93
347
301
430
27
338
285
540
463
772
889
691
561
892
552
555
772
655
436
792
164
703
656
42
476
936
181
635
33
46
745
401
891
287
930
733
33
484
437
652
42
897
991
303
763
549
433
846
626
18
89
927
564
920
892
725
564
295
301
115
699
296
869
296
369
261
796
681
510
477
868
256
851
653
976
817
643
864
48
656
931
119
418
856
117
728
369
738
957
71
143
137
101
817
617
206
281
358
855
914
262
167
108
558
334
114
154
358
793
160
146
638
768
169
527
40
882
761
830
630
950
723
561
827
530
909
962
871
192
228
800
755
183
25
241
314
645
541
691
915
289
554
598
716
372
13
31
685
227
574
485
982
372
802
429
437
976
183
739
245
117
63
945
931
435
812
149
191
345
808
867
900
21
814
279
105
992
180
319
834
576
398
652
112
297
913
928
387
392
169
648
70
50
214
66
1
461
18
792
353
877
300
909
812
808
518
914
864
101
411
804
176
581
38
732
39
465
345
152
828
854
181
248
680
312
752
187
88
791
68
724
104
746
969
220
725
753
528
917
973
805
115
641
818
682
915
371
508
362
389
201
881
806
234
161
690
435
969
792
649
783
865
903
638
132
338
831
990
674
64
341
7
805
658
742
625
865
634
957
951
800
910
525
521
506
411
441
289
533
297
838
646
619
967
904
1
434
199
346
353
612
522
146
447
143
558
807
143
10
791
588
766
54
731
872
77
29
348
829
772
393
798
292
689
554
649
843
931
793
911
644
344
168
19
929
685
550
594
870
3
411
808
400
565
888
471
510
141
567
230
528
797
580
263
863
643
252
398
952
885
246
920
113
254
805
625
100
450
93
344
364
571
601
30
9
668
339
799
52
783
381
659
313
524
286
609
878
737
844
244
893
924
761
300
902
224
290
251
288
39
917
651
155
880
5
377
935
198
75
421
977
862
259
822
96
105
370
946
151
975
721
993
730
115
500
703
905
408
736
714
514
776
831
766
33
297
337
750
266
109
561
884
611
508
58
787
269
493
781
665
435
270
117
885
154
959
113
263
340
239
455
690
926
309
610
750
64
257
713
881
524
955
882
688
914
256
985
295
805
54
85
126
381
307
573
56
47
32
560
151
982
520
539
347
821
757
401
138
996
637
255
179
498
386
83
815
422
657
226
953
929
965
951
435
850
634
864
236
957
659
12
808
472
455
484
403
727
56
374
738
941
571
799
225
681
789
160
293
418
101
116
503
906
437
618
210
948
330
293
577
767
36
179
572
722
334
392
439
3
0
231
899
222
512
258
51
652
751
145
377
932
652
992
935
492
834
419
726
793
757
157
893
183
754
412
534
465
510
534
617
176
939
841
542
984
507
999
126
306
832
915
254
652
966
475
212
797
66
955
499
715
9
144
221
101
427
432
32
906
696
953
60
662
415
947
280
360
919
852
648
348
655
322
790
639
246
144
913
498
292
223
687
163
724
236
182
480
54
25
119
982
463
526
548
510
538
640
75
121
88
813
487
787
98
834
607
699
719
312
475
636
554
234
262
824
431
633
306
434
391
262
750
546
527
148
909
209
878
303
377
501
319
684
784
686
841
740
201
753
602
760
273
227
221
560
379
343
564
921
138
477
972
234
531
725
973
432
249
216
813
25
574
526
58
383
721
217
257
706
1
532
419
966
616
973
205
87
224
149
563
757
913
914
774
468
472
128
373
931
198
703
726
92
804
69
714
736
965
520
686
634
731
462
226
178
547
954
97
2
806
664
382
715
513
48
636
406
264
487
951
18
176
772
516
149
912
996
246
71
524
441
8
590
864
804
972
566
904
487
321
786
502
94
706
652
373
129
785
679
81
522
7
474
561
889
38
215
424
503
591
364
972
831
70
608
295
943
751
19
760
284
830
263
166
904
519
451
116
943
893
283
19
796
59
718
947
283
80
833
598
41
215
904
602
610
432
706
411
729
889
225
104
387
147
504
197
760
118
40
400
651
351
204
787
496
611
959
68
910
948
830
876
483
500
516
679
955
198
408
80
83
813
433
868
317
995
154
902
691
799
476
707
588
801
626
435
29
323
55
401
494
29
604
422
754
620
890
218
939
278
470
815
312
413
979
436
249
686
566
896
602
949
279
389
29
317
773
744
552
50
355
656
345
530
926
613
226
371
417
11
995
739
203
477
340
160
656
791
546
641
961
154
595
102
335
581
968
212
255
493
941
344
924
903
12
826
511
7
16
779
646
752
309
225
595
299
876
539
948
134
691
209
295
244
280
749
154
460
902
774
653
736
268
4
123
145
409
88
778
466
527
14
190
433
895
788
80
842
882
458
251
694
448
779
804
543
296
318
467
947
439
947
131
415
391
672
927
753
578
188
647
14
26
377
416
83
167
151
575
36
209
291
46
213
298
586
86
308
724
186
523
881
429
113
668
764
908
365
580
945
219
939
163
168
113
292
632
116
609
826
54
214
961
97
10
102
742
29
185
816
781
707
71
372
690
383
429
532
782
697
419
492
552
541
19
769
482
78
95
868
708
612
104
773
946
210
86
609
779
348
556
68
187
13
968
915
81
406
792
783
492
418
162
811
48
562
27
661
503
592
503
117
434
663
800
499
380
257
848
412
981
830
922
769
34
83
296
927
760
399
636
371
830
579
640
524
540
73
758
269
119
170
45
82
37
10
458
605
952
469
803
783
424
921
103
927
584
171
537
909
178
751
41
112
29
803
791
343
495
300
288
157
426
452
256
825
12
480
251
306
232
693
336
254
131
501
540
500
405
615
905
339
666
631
839
16
6
215
759
876
833
402
994
464
174
410
535
790
949
174
512
743
399
972
680
729
319
830
975
768
811
107
689
71
730
72
347
537
276
358
52
49
601
898
905
366
408
194
304
471
220
58
794
570
351
678
900
568
211
46
392
820
390
301
870
574
50
267
151
815
186
994
861
265
597
72
418
237
32
713
323
23
480
280
540
361
648
758
802
43
548
419
792
793
872
852
519
945
779
70
176
400
388
217
969
153
903
311
594
620
558
413
262
114
301
983
261
532
449
848
525
487
773
202
655
580
877
44
158
633
841
162
442
387
354
872
408
334
837
675
884
226
835
951
556
653
811
145
407
949
688
104
401
774
206
935
600
837
575
457
27
427
175
288
101
686
859
589
100
298
683
656
600
12
883
650
8
858
388
183
285
720
643
711
417
958
843
656
960
862
838
125
820
55
588
331
863
154
100
217
259
86
128
468
626
419
896
522
791
846
634
138
824
439
74
708
726
68
387
29
151
775
215
638
505
344
633
743
889
755
958
194
83
524
825
709
331
57
356
586
746
609
710
781
911
973
636
69
479
139
706
846
249
733
719
849
988
792
932
760
576
126
426
500
834
308
317
710
319
684
800
31
258
763
252
928
996
116
806
547
665
431
908
657
479
384
403
511
687
124
798
215
572
551
996
254
641
368
356
852
511
217
555
347
6
15
698
440
738
163
708
225
675
480
237
974
502
146
535
967
374
872
696
797
364
587
123
918
229
43
772
568
489
400
687
342
593
952
175
465
154
446
991
875
328
866
247
336
610
658
520
284
509
905
899
938
69
711
691
59
426
869
81
425
217
438
478
338
216
183
511
340
250
937
93
552
625
146
968
729
68
654
94
483
740
367
820
743
288
572
347
721
150
532
222
832
699
155
717
977
560
62
11
773
691
401
543
678
687
828
135
218
957
998
803
62
991
357
765
304
848
348
318
621
591
814
396
607
473
643
609
721
133
293
381
357
33
86
669
28
675
426
922
509
629
380
2
86
780
111
566
382
26
308
537
653
705
491
670
806
110
584
815
875
807
897
951
29
252
910
707
656
587
544
764
496
238
486
629
992
517
609
82
280
3
732
11
168
48
873
269
124
77
628
419
954
839
117
580
954
281
624
216
798
314
693
271
343
945
667
624
9
36
592
165
553
844
949
260
960
879
185
932
982
563
595
440
984
24
560
814
780
236
729
782
246
637
526
411
53
610
91
67
204
598
825
730
548
152
429
237
666
956
439
833
711
55
692
736
736
114
787
365
81
484
829
129
491
134
541
488
247
376
542
622
359
832
213
617
963
352
625
997
373
178
432
916
140
379
110
239
456
113
304
128
663
475
780
406
670
239
519
13
485
555
29
352
188
231
854
173
487
7
414
190
110
106
702
984
353
404
878
691
609
812
827
875
16
799
629
323
807
773
13
699
814
297
124
410
909
93
643
225
522
328
747
267
894
111
41
715
909
346
108
56
74
506
823
224
774
928
360
624
163
552
795
734
72
772
988
74
517
695
916
706
247
90
4
241
994
733
359
90
357
436
331
969
557
151
152
441
350
609
924
241
61
820
461
818
169
593
798
701
43
412
877
887
626
971
636
65
713
166
397
340
953
591
391
859
643
549
25
689
920
929
920
547
52
775
75
901
173
350
914
765
867
192
404
764
954
600
726
273
558
970
496
360
657
265
303
373
84
807
36
121
436
750
248
555
3
825
915
764
203
765
164
612
184
438
409
237
275
623
598
479
628
121
838
293
466
500
320
206
324
248
901
567
168
105
174
255
169
74
685
837
334
127
374
618
471
764
746
909
441
869
416
964
125
48
969
348
721
296
818
424
346
602
179
337
141
450
703
883
918
195
629
29
653
118
846
874
775
185
32
309
96
114
226
979
456
470
212
443
963
844
603
490
460
187
637
262
362
315
457
91
645
284
970
422
639
526
527
109
24
836
956
175
63
112
279
605
328
643
191
257
551
537
135
116
74
67
975
53
623
639
558
906
370
279
990
967
798
871
276
464
60
486
329
473
75
352
386
709
239
798
526
287
225
537
783
518
179
34
488
381
443
536
939
592
177
688
897
895
821
751
269
769
115
816
814
342
855
18
786
477
591
641
58
505
12
999
495
804
68
86
770
739
688
774
354
479
231
443
631
477
936
703
196
745
565
32
107
367
97
746
93
309
189
770
415
480
395
442
39
182
418
426
8
849
202
714
718
801
230
626
337
358
440
240
104
845
419
454
935
855
920
478
468
593
486
545
325
648
860
150
858
93
543
650
807
506
384
287
119
633
970
328
322
115
608
935
798
575
1
109
917
339
561
483
446
30
0
233
908
53
657
678
724
546
794
795
50
122
922
191
497
366
73
334
633
358
928
416
229
987
56
796
395
559
569
484
217
121
40
582
178
524
900
15
491
994
182
800
207
161
402
928
313
113
193
409
325
287
452
210
400
791
907
221
79
827
276
594
923
799
424
764
736
640
686
843
174
175
379
969
433
398
549
44
445
421
4
175
152
838
0
835
245
68
377
741
215
971
940
821
215
669
197
943
882
593
739
597
689
947
666
950
659
544
152
95
221
186
205
670
332
622
523
247
162
476
379
251
61
612
972
86
53
197
725
717
799
162
813
588
462
559
65
745
306
151
864
103
145
991
368
912
492
474
509
104
902
254
130
861
206
962
379
486
657
487
451
156
223
751
763
933
134
179
997
386
93
279
514
750
519
484
790
102
213
534
942
432
641
141
761
238
56
717
869
878
284
433
915
529
50
959
229
733
228
496
86
301
965
37
681
403
702
699
907
951
707
475
68
836
860
377
435
708
710
267
252
748
714
190
159
520
826
67
717
32
600
147
401
904
54
546
718
137
346
947
865
631
673
734
889
615
84
446
504
990
819
952
341
405
527
434
446
715
175
162
220
543
816
606
314
432
904
515
793
193
819
452
731
880
610
933
591
359
984
564
701
588
793
999
821
547
838
713
946
337
906
254
255
601
89
633
203
187
375
657
220
794
409
595
992
854
694
15
264
766
33
473
20
679
334
859
59
302
334
763
790
853
919
814
524
347
698
184
818
33
428
347
753
19
767
106
752
548
649
350
181
788
222
690
388
889
716
767
559
318
896
959
187
361
195
600
822
813
975
463
243
724
719
919
297
760
225
432
750
382
182
809
282
642
780
306
445
127
477
736
528
652
576
539
689
69
197
449
97
696
185
499
91
207
285
128
437
184
729
866
307
867
402
200
580
342
11
964
380
12
25
611
188
822
548
55
936
185
329
954
986
254
979
813
6
572
385
226
713
194
18
767
488
651
718
661
559
820
732
284
600
136
70
473
360
566
11
743
883
653
82
656
902
916
438
522
126
144
562
928
251
734
136
527
8
744
678
636
15
454
54
869
773
454
181
623
48
898
531
140
668
354
72
719
733
525
338
87
491
410
970
188
506
655
345
816
315
675
247
750
530
960
902
542
488
813
805
874
584
125
190
520
15
960
329
241
906
172
93
473
161
489
440
382
441
419
539
661
916
421
14
846
958
413
363
584
950
462
368
670
200
74
369
757
286
435
685
792
698
843
613
588
201
892
604
804
891
73
112
398
208
936
5
142
237
865
21
588
544
908
289
861
413
671
319
827
763
308
651
165
766
74
872
125
169
988
975
240
457
690
743
169
910
266
449
542
162
986
854
875
219
18
720
395
924
755
767
743
582
793
530
258
438
910
538
35
753
862
701
880
376
262
648
748
353
551
466
18
391
962
320
159
805
456
44
286
593
887
773
860
740
483
51
201
572
379
931
652
473
37
153
925
742
957
475
282
743
666
363
813
893
531
44
696
62
119
500
275
140
65
455
906
287
531
412
376
265
172
111
349
856
860
38
661
27
414
356
376
746
231
896
805
383
277
314
460
461
371
275
339
325
562
694
762
599
88
960
760
591
669
774
268
770
482
342
749
196
479
820
733
722
304
664
779
436
204
698
967
869
824
633
539
885
823
716
860
932
208
787
944
74
746
658
978
609
239
76
373
698
707
261
565
582
698
481
684
910
26
864
924
587
86
498
26
788
915
69
313
531
474
772
970
220
810
806
486
448
77
18
534
713
671
928
714
913
148
371
33
971
434
395
117
136
247
638
275
418
479
557
9
636
254
822
88
181
818
273
93
230
795
311
415
397
131
717
666
207
941
729
223
31
118
236
639
751
385
549
312
950
570
107
386
679
371
352
761
612
902
409
431
319
3
649
922
294
388
852
401
468
688
609
866
659
854
587
795
577
278
767
503
339
626
942
406
500
220
355
381
461
582
82
878
284
451
292
612
754
653
180
660
987
359
109
362
174
696
315
640
910
824
566
702
920
887
610
730
456
6
580
537
638
401
5
931
66
378
936
602
571
515
502
476
842
305
788
145
558
857
685
583
161
147
811
225
878
134
310
249
880
938
897
191
936
919
619
851
937
170
556
806
983
653
699
316
600
258
883
311
218
476
585
760
909
900
795
946
548
721
784
669
54
195
567
732
447
813
175
664
503
763
851
768
20
161
481
434
549
7
49
90
926
386
693
995
566
911
685
23
318
954
238
786
593
565
925
886
758
180
816
165
469
713
875
8
374
633
700
193
295
243
936
172
698
542
247
276
301
629
628
663
820
741
897
656
147
123
75
344
785
910
571
956
804
941
45
79
191
273
90
353
191
291
256
40
168
472
110
936
45
380
837
285
543
203
55
638
397
725
382
466
352
691
142
507
290
439
255
797
918
185
942
629
200
379
71
114
729
654
186
461
37
432
214
685
902
432
955
289
300
715
6
593
884
196
616
351
243
421
940
347
203
148
134
408
694
916
574
531
644
657
546
448
281
104
157
571
494
763
185
777
56
858
881
854
993
226
259
129
628
117
382
33
974
471
858
319
138
235
504
813
690
205
995
530
395
621
346
902
647
267
656
432
788
906
329
989
728
96
840
566
844
526
481
753
480
876
641
263
528
16
28
334
633
528
852
214
625
701
826
436
698
77
587
688
829
826
626
139
798
523
553
311
135
757
397
664
337
771
951
459
735
121
179
692
859
515
677
175
273
726
763
846
232
537
917
145
235
410
242
147
422
753
873
262
622
524
833
829
545
391
254
767
567
499
14
746
42
735
70
334
178
14
992
403
189
651
230
336
412
691
97
389
239
400
879
633
164
39
536
121
802
300
726
980
362
325
792
629
338
477
586
267
232
623
657
417
441
947
917
881
889
359
344
306
810
29
614
548
301
152
612
69
97
556
289
96
418
953
995
486
802
249
305
628
881
688
579
213
688
299
257
489
714
897
552
854
378
372
774
833
90
90
6
426
925
150
829
861
489
713
407
315
977
393
380
267
462
48
809
642
152
479
19
764
987
537
50
794
209
808
388
588
867
947
368
569
664
207
84
310
185
243
407
873
696
685
905
207
582
541
510
230
416
308
27
33
482
711
173
980
779
534
164
141
710
434
769
89
514
551
19
755
609
811
695
66
873
570
876
729
759
43
954
183
57
946
995
983
802
561
47
108
825
21
14
145
671
826
717
255
620
44
716
618
230
692
762
614
467
946
774
793
280
361
382
772
300
597
395
137
94
396
723
900
869
284
499
42
986
343
816
663
161
426
24
795
229
883
16
0
287
929
501
396
876
446
814
47
898
467
488
819
430
110
403
186
557
351
934
518
181
53
439
615
831
357
459
465
276
113
46
502
172
878
297
445
605
921
884
910
459
687
816
176
197
853
312
99
694
476
647
605
46
392
412
852
548
663
330
331
157
796
144
347
298
817
982
445
503
447
525
695
302
476
555
364
710
710
838
133
902
933
545
62
883
615
70
860
645
539
586
710
177
83
43
11
341
717
515
359
381
504
940
58
158
887
640
403
907
188
542
233
812
618
722
573
999
763
244
385
136
631
199
483
343
356
31
474
632
49
240
446
59
275
994
80
718
742
232
317
444
484
621
762
224
952
120
593
463
84
797
373
66
127
270
968
922
652
850
736
620
626
85
611
771
536
984
224
235
478
425
265
195
27
50
252
131
353
920
555
666
917
256
17
363
986
718
23
919
827
474
260
181
352
333
275
36
5
907
769
854
772
16
884
234
429
981
587
154
510
911
562
632
358
396
887
445
733
23
259
266
299
579
299
495
432
608
150
746
218
995
529
340
604
225
319
829
484
717
814
187
922
154
12
464
639
630
654
83
821
236
523
215
229
313
714
490
754
893
332
418
639
962
836
110
469
781
885
536
98
196
310
955
187
528
977
292
270
887
611
622
813
703
151
553
785
96
558
263
406
908
484
952
870
286
31
378
248
310
23
6
435
326
606
354
53
10
500
104
919
455
899
635
886
287
630
877
528
775
46
597
844
207
488
149
795
837
498
803
910
760
279
777
779
775
248
573
148
684
237
731
418
995
294
448
242
927
202
479
671
310
465
324
493
400
574
934
104
149
411
245
287
53
551
955
722
219
160
455
50
835
954
87
882
256
814
109
358
829
835
335
59
102
616
653
112
492
731
832
150
766
918
705
766
380
487
641
704
9
326
507
154
382
974
845
218
884
285
31
950
146
870
766
862
358
257
708
874
100
105
354
567
46
209
935
543
388
571
501
914
114
180
896
463
631
907
720
731
865
995
639
458
298
754
88
212
23
269
2
336
51
354
334
161
770
947
82
16
400
968
567
249
89
160
977
631
127
299
552
434
328
429
928
324
584
586
680
261
239
645
674
347
608
376
98
981
6
915
37
570
143
628
586
562
444
495
905
399
878
719
234
190
391
920
766
953
564
250
536
287
307
6
343
949
324
860
646
367
362
853
172
278
518
376
818
479
40
646
816
331
848
329
224
750
992
772
171
227
465
457
709
415
761
334
440
818
620
808
688
591
820
39
709
883
972
733
928
985
468
20
884
584
146
5
532
58
954
404
36
667
790
563
414
486
956
856
856
269
701
336
334
109
940
761
708
354
943
90
869
801
165
199
207
365
354
599
740
697
932
601
561
259
807
883
577
677
922
507
556
779
989
533
493
939
945
33
406
826
38
592
258
579
337
944
312
913
348
152
929
673
164
701
650
191
886
685
22
269
129
841
602
558
349
125
569
325
384
324
412
924
666
933
2
431
945
757
824
1
334
619
621
708
661
204
773
801
297
542
369
757
785
189
987
798
267
423
759
292
262
840
577
542
969
452
215
862
921
657
131
149
292
646
941
751
911
532
853
746
623
315
185
474
445
413
405
708
331
621
304
817
803
509
494
948
320
39
200
605
251
561
200
694
933
101
69
646
39
709
372
354
15
980
189
870
932
544
376
124
140
372
578
871
619
721
826
271
115
347
110
657
849
445
6
675
379
707
53
372
420
714
305
711
198
502
807
934
733
460
699
876
22
168
426
976
572
802
302
366
209
33
717
688
306
727
860
76
598
237
449
968
805
445
724
538
234
731
418
852
905
573
770
419
47
773
64
522
504
525
341
808
829
942
620
577
149
242
572
249
144
866
550
666
516
817
638
962
93
153
574
269
956
60
510
174
531
330
667
819
88
947
690
238
291
137
866
233
779
897
12
414
827
326
798
756
682
999
94
786
680
487
230
281
62
801
872
208
49
200
735
384
486
603
562
798
741
240
216
499
684
465
673
453
37
398
397
230
336
754
741
620
609
384
24
870
487
21
867
436
712
371
463
780
142
633
673
545
359
425
833
444
265
3
969
941
978
0
837
146
848
236
979
931
634
967
954
282
450
583
637
760
584
393
845
893
747
517
784
387
516
140
468
952
335
562
108
457
719
980
928
871
136
600
561
477
437
248
271
307
977
888
225
214
411
41
660
371
634
14
508
808
52
555
807
309
46
547
614
679
67
544
654
187
635
178
367
188
349
521
302
445
399
156
564
565
177
672
62
619
319
283
642
905
982
47
587
124
343
789
27
354
696
89
360
425
846
560
87
380
530
757
160
568
781
870
305
624
361
990
977
960
475
706
839
163
263
49
297
248
19
230
511
955
190
823
781
617
356
43
95
605
712
814
639
668
222
655
145
561
330
425
65
562
728
1
668
519
702
44
185
509
612
486
98
311
182
554
831
999
135
22
533
966
309
679
393
491
358
602
771
857
368
66
449
80
28
337
575
154
928
318
593
974
716
187
380
733
889
227
240
236
373
892
884
906
443
421
601
531
297
621
317
309
536
669
69
912
736
369
620
171
205
315
855
139
636
823
50
794
695
104
904
570
237
671
155
833
782
842
99
559
472
982
325
645
795
352
493
104
324
222
593
475
974
655
493
959
465
0
997
145
308
480
268
701
63
468
909
86
388
832
780
169
278
527
983
744
359
212
463
30
465
952
120
173
167
424
67
748
625
659
546
360
619
727
130
181
406
314
603
991
754
432
334
351
682
